4
10
5.000000,6.000000,4590.000000,2000.000000,41345.000000
4.000000,9.000000,8610.000000,1997.000000,76016.000000
5.000000,1.000000,6609.000000,1997.000000,58697.000000
6.000000,5.000000,3539.000000,1950.000000,32242.000000
10.000000,1.000000,3472.000000,1975.000000,31679.000000
3.000000,6.000000,2538.000000,2010.000000,23649.000000
4.000000,6.000000,9526.000000,1971.000000,83861.000000
6.000000,8.000000,2983.000000,1990.000000,27513.000000
5.000000,3.000000,1585.000000,1970.000000,15388.000000
3.000000,6.000000,3613.000000,1958.000000,32872.000000
